V1: 7.781076886s
V2: 2.751339293s
V2-Parallel: 546.175704ms